2 469 3 0 0 0 0 0 0 0 0 0 0 0 0 0 0 0 0 0 0 0 0 0 0 0 0 0 0 0
2 45 180 10 322 813 8 47 814 3 0 0 0 0 0 0 0 0 0 0 0 0 0 0 0 0 0 0 0 0
2 951 3 0 0 0 0 0 0 0 0 0 0 0 0 0 0 0 0 0 0 0 0 0 0 0 0 0 0 0
2 354 355 3 0 0 0 0 0 0 0 0 0 0 0 0 0 0 0 0 0 0 0 0 0 0 0 0 0 0
2 45 457 47 458 3 0 0 0 0 0 0 0 0 0 0 0 0 0 0 0 0 0 0 0 0 0 0 0 0
2 45 869 10 141 8 47 870 45 871 47 872 3 0 0 0 0 0 0 0 0 0 0 0 0 0 0 0 0 0
2 340 3 0 0 0 0 0 0 0 0 0 0 0 0 0 0 0 0 0 0 0 0 0 0 0 0 0 0 0
2 453 3 0 0 0 0 0 0 0 0 0 0 0 0 0 0 0 0 0 0 0 0 0 0 0 0 0 0 0
2 931 3 0 0 0 0 0 0 0 0 0 0 0 0 0 0 0 0 0 0 0 0 0 0 0 0 0 0 0
2 476 477 12 478 12 479 151 88 3 0 0 0 0 0 0 0 0 0 0 0 0 0 0 0 0 0 0 0 0
2 484 3 0 0 0 0 0 0 0 0 0 0 0 0 0 0 0 0 0 0 0 0 0 0 0 0 0 0 0
2 45 793 10 141 8 47 794 49 3 0 0 0 0 0 0 0 0 0 0 0 0 0 0 0 0 0 0 0 0
2 45 68 47 526 36 527 6 528 176 177 105 178 179 3 0 0 0 0 0 0 0 0 0 0 0 0 0 0 0
2 45 68 47 235 36 236 6 237 3 0 0 0 0 0 0 0 0 0 0 0 0 0 0 0 0 0 0 0 0
2 714 715 716 3 0 0 0 0 0 0 0 0 0 0 0 0 0 0 0 0 0 0 0 0 0 0 0 0 0
2 685 686 26 687 3 0 0 0 0 0 0 0 0 0 0 0 0 0 0 0 0 0 0 0 0 0 0 0 0
2 257 258 249 259 3 0 0 0 0 0 0 0 0 0 0 0 0 0 0 0 0 0 0 0 0 0 0 0 0
2 45 68 47 661 36 185 662 6 663 24 185 664 6 665 3 0 0 0 0 0 0 0 0 0 0 0 0 0 0
2 45 68 47 10 45 510 47 511 8 3 0 0 0 0 0 0 0 0 0 0 0 0 0 0 0 0 0 0 0
2 45 68 47 147 30 3 0 0 0 0 0 0 0 0 0 0 0 0 0 0 0 0 0 0 0 0 0 0 0
2 746 747 3 0 0 0 0 0 0 0 0 0 0 0 0 0 0 0 0 0 0 0 0 0 0 0 0 0 0
2 314 315 26 316 3 0 0 0 0 0 0 0 0 0 0 0 0 0 0 0 0 0 0 0 0 0 0 0 0
2 45 68 47 512 36 513 6 514 176 177 105 178 179 3 0 0 0 0 0 0 0 0 0 0 0 0 0 0 0
2 447 3 0 0 0 0 0 0 0 0 0 0 0 0 0 0 0 0 0 0 0 0 0 0 0 0 0 0 0
2 727 3 0 0 0 0 0 0 0 0 0 0 0 0 0 0 0 0 0 0 0 0 0 0 0 0 0 0 0
2 45 68 47 346 52 347 348 12 349 350 3 0 0 0 0 0 0 0 0 0 0 0 0 0 0 0 0 0 0
2 609 3 0 0 0 0 0 0 0 0 0 0 0 0 0 0 0 0 0 0 0 0 0 0 0 0 0 0 0
2 45 68 47 407 36 803 6 804 3 0 0 0 0 0 0 0 0 0 0 0 0 0 0 0 0 0 0 0 0
2 540 3 0 0 0 0 0 0 0 0 0 0 0 0 0 0 0 0 0 0 0 0 0 0 0 0 0 0 0
2 502 503 26 504 3 0 0 0 0 0 0 0 0 0 0 0 0 0 0 0 0 0 0 0 0 0 0 0 0
2 400 401 18 132 3 0 0 0 0 0 0 0 0 0 0 0 0 0 0 0 0 0 0 0 0 0 0 0 0
2 45 68 47 392 36 393 394 395 3 0 0 0 0 0 0 0 0 0 0 0 0 0 0 0 0 0 0 0 0
2 774 775 26 776 3 0 0 0 0 0 0 0 0 0 0 0 0 0 0 0 0 0 0 0 0 0 0 0 0
2 351 3 0 0 0 0 0 0 0 0 0 0 0 0 0 0 0 0 0 0 0 0 0 0 0 0 0 0 0
2 45 90 10 91 8 47 182 3 0 0 0 0 0 0 0 0 0 0 0 0 0 0 0 0 0 0 0 0 0
2 45 809 10 810 8 30 3 0 0 0 0 0 0 0 0 0 0 0 0 0 0 0 0 0 0 0 0 0 0
2 45 68 47 343 36 344 6 345 176 177 105 178 179 3 0 0 0 0 0 0 0 0 0 0 0 0 0 0 0
2 472 55 26 473 3 0 0 0 0 0 0 0 0 0 0 0 0 0 0 0 0 0 0 0 0 0 0 0 0
2 885 886 18 132 3 0 0 0 0 0 0 0 0 0 0 0 0 0 0 0 0 0 0 0 0 0 0 0 0
2 45 189 105 68 47 580 3 0 0 0 0 0 0 0 0 0 0 0 0 0 0 0 0 0 0 0 0 0 0
2 939 940 3 0 0 0 0 0 0 0 0 0 0 0 0 0 0 0 0 0 0 0 0 0 0 0 0 0 0
2 820 821 26 822 3 0 0 0 0 0 0 0 0 0 0 0 0 0 0 0 0 0 0 0 0 0 0 0 0
2 535 3 0 0 0 0 0 0 0 0 0 0 0 0 0 0 0 0 0 0 0 0 0 0 0 0 0 0 0
2 45 189 105 68 47 190 45 68 47 99 191 68 47 192 3 0 0 0 0 0 0 0 0 0 0 0 0 0 0
2 593 3 0 0 0 0 0 0 0 0 0 0 0 0 0 0 0 0 0 0 0 0 0 0 0 0 0 0 0
2 923 924 26 925 3 0 0 0 0 0 0 0 0 0 0 0 0 0 0 0 0 0 0 0 0 0 0 0 0
2 126 47 632 36 633 6 634 3 0 0 0 0 0 0 0 0 0 0 0 0 0 0 0 0 0 0 0 0 0
2 45 68 47 865 176 177 105 178 179 45 189 243 244 68 47 866 3 0 0 0 0 0 0 0 0 0 0 0 0
2 45 68 47 224 36 225 195 226 24 227 3 0 0 0 0 0 0 0 0 0 0 0 0 0 0 0 0 0 0
2 45 90 10 644 8 47 645 3 0 0 0 0 0 0 0 0 0 0 0 0 0 0 0 0 0 0 0 0 0
2 45 68 47 292 36 190 195 293 24 294 3 0 0 0 0 0 0 0 0 0 0 0 0 0 0 0 0 0 0
2 895 3 0 0 0 0 0 0 0 0 0 0 0 0 0 0 0 0 0 0 0 0 0 0 0 0 0 0 0
2 54 55 26 56 3 0 0 0 0 0 0 0 0 0 0 0 0 0 0 0 0 0 0 0 0 0 0 0 0
2 271 272 486 10 487 12 488 12 489 12 490 12 491 12 492 8 277 10 493 12 494 26 495 496 497 496 498 496 3
2 45 189 105 68 47 239 36 240 6 241 45 68 47 82 3 0 0 0 0 0 0 0 0 0 0 0 0 0 0
2 45 90 10 564 8 47 565 45 408 10 566 8 3 0 0 0 0 0 0 0 0 0 0 0 0 0 0 0 0
2 45 596 106 556 12 597 106 598 47 599 3 0 0 0 0 0 0 0 0 0 0 0 0 0 0 0 0 0 0
2 45 474 10 141 8 47 475 3 0 0 0 0 0 0 0 0 0 0 0 0 0 0 0 0 0 0 0 0 0
2 770 771 3 0 0 0 0 0 0 0 0 0 0 0 0 0 0 0 0 0 0 0 0 0 0 0 0 0 0
2 45 180 10 736 8 47 318 3 0 0 0 0 0 0 0 0 0 0 0 0 0 0 0 0 0 0 0 0 0
2 45 68 47 873 36 874 195 875 76 876 76 85 877 24 878 76 879 76 85 880 3 0 0 0 0 0 0 0 0
2 45 155 12 582 12 583 584 585 28 29 30 3 0 0 0 0 0 0 0 0 0 0 0 0 0 0 0 0 0
2 945 3 0 0 0 0 0 0 0 0 0 0 0 0 0 0 0 0 0 0 0 0 0 0 0 0 0 0 0
2 45 68 47 622 36 623 6 624 24 576 6 625 3 0 0 0 0 0 0 0 0 0 0 0 0 0 0 0 0
2 341 204 342 3 0 0 0 0 0 0 0 0 0 0 0 0 0 0 0 0 0 0 0 0 0 0 0 0 0
2 45 189 105 68 47 534 36 562 6 563 3 0 0 0 0 0 0 0 0 0 0 0 0 0 0 0 0 0 0
2 45 68 47 10 45 533 47 534 8 3 0 0 0 0 0 0 0 0 0 0 0 0 0 0 0 0 0 0 0
2 45 189 105 68 47 626 3 0 0 0 0 0 0 0 0 0 0 0 0 0 0 0 0 0 0 0 0 0 0
2 45 68 47 468 176 177 243 244 178 179 3 0 0 0 0 0 0 0 0 0 0 0 0 0 0 0 0 0 0
2 800 801 3 0 0 0 0 0 0 0 0 0 0 0 0 0 0 0 0 0 0 0 0 0 0 0 0 0 0
2 45 425 10 141 8 47 426 3 0 0 0 0 0 0 0 0 0 0 0 0 0 0 0 0 0 0 0 0 0
2 45 90 10 850 8 47 851 45 408 10 852 8 3 0 0 0 0 0 0 0 0 0 0 0 0 0 0 0 0
2 45 68 47 184 36 185 186 6 187 3 0 0 0 0 0 0 0 0 0 0 0 0 0 0 0 0 0 0 0
2 124 125 3 0 0 0 0 0 0 0 0 0 0 0 0 0 0 0 0 0 0 0 0 0 0 0 0 0 0
2 522 523 524 26 525 3 0 0 0 0 0 0 0 0 0 0 0 0 0 0 0 0 0 0 0 0 0 0 0
2 45 68 47 937 176 177 105 178 179 45 189 243 244 68 47 938 3 0 0 0 0 0 0 0 0 0 0 0 0
2 45 918 47 919 36 920 6 921 230 14 3 0 0 0 0 0 0 0 0 0 0 0 0 0 0 0 0 0 0
2 45 68 47 858 36 859 195 860 24 861 3 0 0 0 0 0 0 0 0 0 0 0 0 0 0 0 0 0 0
2 31 32 33 34 6 35 36 37 6 38 3 0 0 0 0 0 0 0 0 0 0 0 0 0 0 0 0 0 0
2 45 68 47 260 36 261 6 262 176 177 105 178 179 3 0 0 0 0 0 0 0 0 0 0 0 0 0 0 0
2 405 3 0 0 0 0 0 0 0 0 0 0 0 0 0 0 0 0 0 0 0 0 0 0 0 0 0 0 0
2 31 224 33 384 6 385 36 386 6 387 3 0 0 0 0 0 0 0 0 0 0 0 0 0 0 0 0 0 0
2 45 811 10 141 8 47 812 198 3 0 0 0 0 0 0 0 0 0 0 0 0 0 0 0 0 0 0 0 0
2 45 68 47 667 36 706 6 707 230 105 3 0 0 0 0 0 0 0 0 0 0 0 0 0 0 0 0 0 0
2 45 102 10 103 12 104 12 105 8 106 107 30 3 0 0 0 0 0 0 0 0 0 0 0 0 0 0 0 0
2 88 76 148 149 150 151 152 3 0 0 0 0 0 0 0 0 0 0 0 0 0 0 0 0 0 0 0 0 0
2 313 3 0 0 0 0 0 0 0 0 0 0 0 0 0 0 0 0 0 0 0 0 0 0 0 0 0 0 0
2 45 68 47 147 36 576 394 675 30 3 0 0 0 0 0 0 0 0 0 0 0 0 0 0 0 0 0 0 0
2 356 357 3 0 0 0 0 0 0 0 0 0 0 0 0 0 0 0 0 0 0 0 0 0 0 0 0 0 0
2 72 26 73 74 26 75 3 0 0 0 0 0 0 0 0 0 0 0 0 0 0 0 0 0 0 0 0 0 0
2 717 718 26 719 3 0 0 0 0 0 0 0 0 0 0 0 0 0 0 0 0 0 0 0 0 0 0 0 0
2 829 3 0 0 0 0 0 0 0 0 0 0 0 0 0 0 0 0 0 0 0 0 0 0 0 0 0 0 0
2 630 631 18 132 3 0 0 0 0 0 0 0 0 0 0 0 0 0 0 0 0 0 0 0 0 0 0 0 0
2 45 68 47 329 36 330 6 331 3 0 0 0 0 0 0 0 0 0 0 0 0 0 0 0 0 0 0 0 0
2 326 3 0 0 0 0 0 0 0 0 0 0 0 0 0 0 0 0 0 0 0 0 0 0 0 0 0 0 0
2 897 898 26 62 26 899 3 0 0 0 0 0 0 0 0 0 0 0 0 0 0 0 0 0 0 0 0 0 0
2 45 68 47 335 36 71 185 44 10 336 12 337 12 338 8 3 0 0 0 0 0 0 0 0 0 0 0 0 0
2 271 272 273 10 274 12 275 12 276 8 277 10 278 12 279 12 280 8 3 0 0 0 0 0 0 0 0 0 0
2 848 849 18 132 3 0 0 0 0 0 0 0 0 0 0 0 0 0 0 0 0 0 0 0 0 0 0 0 0
2 45 653 12 654 47 655 36 656 6 657 49 45 490 12 658 47 659 3 0 0 0 0 0 0 0 0 0 0 0
2 247 248 249 12 3 0 0 0 0 0 0 0 0 0 0 0 0 0 0 0 0 0 0 0 0 0 0 0 0
2 45 189 243 244 68 47 627 45 68 47 628 176 177 243 244 178 245 189 105 68 47 629 3 0 0 0 0 0 0
2 257 620 12 621 3 0 0 0 0 0 0 0 0 0 0 0 0 0 0 0 0 0 0 0 0 0 0 0 0
2 45 365 47 366 198 45 367 47 368 52 369 3 0 0 0 0 0 0 0 0 0 0 0 0 0 0 0 0 0
2 942 171 3 0 0 0 0 0 0 0 0 0 0 0 0 0 0 0 0 0 0 0 0 0 0 0 0 0 0
2 45 68 47 303 176 177 105 178 179 45 189 243 244 68 47 304 3 0 0 0 0 0 0 0 0 0 0 0 0
2 305 3 0 0 0 0 0 0 0 0 0 0 0 0 0 0 0 0 0 0 0 0 0 0 0 0 0 0 0
2 45 68 47 242 176 177 243 244 178 245 189 105 68 47 246 3 0 0 0 0 0 0 0 0 0 0 0 0 0
2 45 68 47 289 36 290 6 291 230 105 3 0 0 0 0 0 0 0 0 0 0 0 0 0 0 0 0 0 0
2 641 642 3 0 0 0 0 0 0 0 0 0 0 0 0 0 0 0 0 0 0 0 0 0 0 0 0 0 0
2 45 68 47 10 45 744 47 745 8 3 0 0 0 0 0 0 0 0 0 0 0 0 0 0 0 0 0 0 0
2 45 778 10 141 8 47 779 3 0 0 0 0 0 0 0 0 0 0 0 0 0 0 0 0 0 0 0 0 0
2 45 68 47 647 52 648 3 0 0 0 0 0 0 0 0 0 0 0 0 0 0 0 0 0 0 0 0 0 0
2 88 76 594 595 12 141 76 206 3 0 0 0 0 0 0 0 0 0 0 0 0 0 0 0 0 0 0 0 0
2 45 546 12 547 47 548 36 549 6 550 49 45 551 12 552 47 553 3 0 0 0 0 0 0 0 0 0 0 0
2 31 567 33 568 6 569 36 570 6 571 3 0 0 0 0 0 0 0 0 0 0 0 0 0 0 0 0 0 0
2 255 256 3 0 0 0 0 0 0 0 0 0 0 0 0 0 0 0 0 0 0 0 0 0 0 0 0 0 0
2 45 932 10 479 8 30 3 0 0 0 0 0 0 0 0 0 0 0 0 0 0 0 0 0 0 0 0 0 0
2 480 481 3 0 0 0 0 0 0 0 0 0 0 0 0 0 0 0 0 0 0 0 0 0 0 0 0 0 0
2 45 868 10 141 8 47 622 283 3 0 0 0 0 0 0 0 0 0 0 0 0 0 0 0 0 0 0 0 0
2 45 189 105 68 47 459 36 460 6 461 45 68 47 430 3 0 0 0 0 0 0 0 0 0 0 0 0 0 0
2 826 3 0 0 0 0 0 0 0 0 0 0 0 0 0 0 0 0 0 0 0 0 0 0 0 0 0 0 0
2 328 3 0 0 0 0 0 0 0 0 0 0 0 0 0 0 0 0 0 0 0 0 0 0 0 0 0 0 0
2 45 68 47 752 36 753 195 196 24 197 3 0 0 0 0 0 0 0 0 0 0 0 0 0 0 0 0 0 0
2 45 576 12 635 47 636 36 635 6 637 52 576 30 3 0 0 0 0 0 0 0 0 0 0 0 0 0 0 0
2 126 47 515 36 516 6 517 3 0 0 0 0 0 0 0 0 0 0 0 0 0 0 0 0 0 0 0 0 0
2 45 127 47 128 3 0 0 0 0 0 0 0 0 0 0 0 0 0 0 0 0 0 0 0 0 0 0 0 0
2 45 68 47 429 36 430 195 196 24 197 3 0 0 0 0 0 0 0 0 0 0 0 0 0 0 0 0 0 0
2 45 68 47 678 36 679 80 680 3 0 0 0 0 0 0 0 0 0 0 0 0 0 0 0 0 0 0 0 0
2 483 3 0 0 0 0 0 0 0 0 0 0 0 0 0 0 0 0 0 0 0 0 0 0 0 0 0 0 0
2 443 444 3 0 0 0 0 0 0 0 0 0 0 0 0 0 0 0 0 0 0 0 0 0 0 0 0 0 0
2 45 610 12 611 12 612 47 613 508 154 509 614 26 615 6 616 26 617 52 618 26 619 3 0 0 0 0 0 0
2 126 47 383 3 0 0 0 0 0 0 0 0 0 0 0 0 0 0 0 0 0 0 0 0 0 0 0 0 0
2 45 90 10 818 8 47 566 45 408 10 819 8 3 0 0 0 0 0 0 0 0 0 0 0 0 0 0 0 0
2 433 3 0 0 0 0 0 0 0 0 0 0 0 0 0 0 0 0 0 0 0 0 0 0 0 0 0 0 0
2 45 68 47 673 176 177 243 244 178 245 189 105 68 47 674 3 0 0 0 0 0 0 0 0 0 0 0 0 0
2 45 81 47 82 3 0 0 0 0 0 0 0 0 0 0 0 0 0 0 0 0 0 0 0 0 0 0 0 0
2 45 180 10 705 8 47 127 3 0 0 0 0 0 0 0 0 0 0 0 0 0 0 0 0 0 0 0 0 0
2 380 3 0 0 0 0 0 0 0 0 0 0 0 0 0 0 0 0 0 0 0 0 0 0 0 0 0 0 0
2 45 68 47 285 36 286 6 287 3 0 0 0 0 0 0 0 0 0 0 0 0 0 0 0 0 0 0 0 0
2 45 322 323 47 324 3 0 0 0 0 0 0 0 0 0 0 0 0 0 0 0 0 0 0 0 0 0 0 0
2 271 272 786 10 787 12 788 12 789 8 277 10 790 12 791 12 792 8 3 0 0 0 0 0 0 0 0 0 0
2 572 3 0 0 0 0 0 0 0 0 0 0 0 0 0 0 0 0 0 0 0 0 0 0 0 0 0 0 0
2 45 68 47 98 36 91 185 195 86 24 208 3 0 0 0 0 0 0 0 0 0 0 0 0 0 0 0 0 0
2 45 90 10 91 8 47 95 3 0 0 0 0 0 0 0 0 0 0 0 0 0 0 0 0 0 0 0 0 0
2 933 3 0 0 0 0 0 0 0 0 0 0 0 0 0 0 0 0 0 0 0 0 0 0 0 0 0 0 0
2 45 68 47 434 36 435 394 436 3 0 0 0 0 0 0 0 0 0 0 0 0 0 0 0 0 0 0 0 0
2 45 519 10 141 8 47 388 45 520 10 141 8 3 0 0 0 0 0 0 0 0 0 0 0 0 0 0 0 0
2 89 3 0 0 0 0 0 0 0 0 0 0 0 0 0 0 0 0 0 0 0 0 0 0 0 0 0 0 0
2 45 68 47 147 36 155 394 501 30 3 0 0 0 0 0 0 0 0 0 0 0 0 0 0 0 0 0 0 0
2 45 68 47 691 36 692 394 693 3 0 0 0 0 0 0 0 0 0 0 0 0 0 0 0 0 0 0 0 0
2 45 68 47 830 36 831 44 10 45 832 47 833 8 3 0 0 0 0 0 0 0 0 0 0 0 0 0 0 0
2 325 3 0 0 0 0 0 0 0 0 0 0 0 0 0 0 0 0 0 0 0 0 0 0 0 0 0 0 0
2 45 68 47 264 36 265 6 266 230 105 3 0 0 0 0 0 0 0 0 0 0 0 0 0 0 0 0 0 0
2 713 3 0 0 0 0 0 0 0 0 0 0 0 0 0 0 0 0 0 0 0 0 0 0 0 0 0 0 0
2 45 68 47 311 36 312 195 196 24 197 3 0 0 0 0 0 0 0 0 0 0 0 0 0 0 0 0 0 0
2 45 68 47 10 45 742 47 743 8 3 0 0 0 0 0 0 0 0 0 0 0 0 0 0 0 0 0 0 0
2 109 3 0 0 0 0 0 0 0 0 0 0 0 0 0 0 0 0 0 0 0 0 0 0 0 0 0 0 0
2 45 68 47 173 36 174 6 175 176 177 105 178 179 3 0 0 0 0 0 0 0 0 0 0 0 0 0 0 0
2 45 68 47 838 36 839 6 840 24 576 6 841 3 0 0 0 0 0 0 0 0 0 0 0 0 0 0 0 0
2 456 3 0 0 0 0 0 0 0 0 0 0 0 0 0 0 0 0 0 0 0 0 0 0 0 0 0 0 0
2 45 90 10 448 8 47 449 45 408 10 450 8 3 0 0 0 0 0 0 0 0 0 0 0 0 0 0 0 0
2 45 68 47 723 36 835 6 836 24 576 6 837 3 0 0 0 0 0 0 0 0 0 0 0 0 0 0 0 0
2 31 573 33 574 6 575 12 576 6 577 36 578 6 579 3 0 0 0 0 0 0 0 0 0 0 0 0 0 0
2 133 3 0 0 0 0 0 0 0 0 0 0 0 0 0 0 0 0 0 0 0 0 0 0 0 0 0 0 0
2 45 228 10 229 8 30 3 0 0 0 0 0 0 0 0 0 0 0 0 0 0 0 0 0 0 0 0 0 0
2 45 695 47 696 49 45 697 47 698 52 699 3 0 0 0 0 0 0 0 0 0 0 0 0 0 0 0 0 0
2 45 68 47 952 36 852 6 953 4 954 6 955 3 0 0 0 0 0 0 0 0 0 0 0 0 0 0 0 0
2 126 47 134 36 135 6 136 3 0 0 0 0 0 0 0 0 0 0 0 0 0 0 0 0 0 0 0 0 0
2 381 131 18 132 3 0 0 0 0 0 0 0 0 0 0 0 0 0 0 0 0 0 0 0 0 0 0 0 0
2 45 68 47 650 36 185 651 6 652 3 0 0 0 0 0 0 0 0 0 0 0 0 0 0 0 0 0 0 0
2 45 90 10 276 8 47 783 45 408 10 784 8 3 0 0 0 0 0 0 0 0 0 0 0 0 0 0 0 0
2 263 3 0 0 0 0 0 0 0 0 0 0 0 0 0 0 0 0 0 0 0 0 0 0 0 0 0 0 0
2 485 3 0 0 0 0 0 0 0 0 0 0 0 0 0 0 0 0 0 0 0 0 0 0 0 0 0 0 0
2 45 68 47 193 36 194 195 196 24 197 3 0 0 0 0 0 0 0 0 0 0 0 0 0 0 0 0 0 0
2 45 68 47 845 36 846 6 847 3 0 0 0 0 0 0 0 0 0 0 0 0 0 0 0 0 0 0 0 0
2 130 131 18 132 3 0 0 0 0 0 0 0 0 0 0 0 0 0 0 0 0 0 0 0 0 0 0 0 0
2 904 905 3 0 0 0 0 0 0 0 0 0 0 0 0 0 0 0 0 0 0 0 0 0 0 0 0 0 0
2 77 78 26 79 3 0 0 0 0 0 0 0 0 0 0 0 0 0 0 0 0 0 0 0 0 0 0 0 0
2 45 68 47 297 36 298 44 10 299 12 300 12 301 8 3 0 0 0 0 0 0 0 0 0 0 0 0 0 0
2 669 670 671 3 0 0 0 0 0 0 0 0 0 0 0 0 0 0 0 0 0 0 0 0 0 0 0 0 0
2 720 3 0 0 0 0 0 0 0 0 0 0 0 0 0 0 0 0 0 0 0 0 0 0 0 0 0 0 0
2 45 322 536 47 537 3 0 0 0 0 0 0 0 0 0 0 0 0 0 0 0 0 0 0 0 0 0 0 0
2 83 84 85 86 87 88 3 0 0 0 0 0 0 0 0 0 0 0 0 0 0 0 0 0 0 0 0 0 0
2 45 68 47 347 36 466 6 467 230 105 3 0 0 0 0 0 0 0 0 0 0 0 0 0 0 0 0 0 0
2 210 3 0 0 0 0 0 0 0 0 0 0 0 0 0 0 0 0 0 0 0 0 0 0 0 0 0 0 0
2 45 90 10 842 8 47 843 45 408 10 844 8 3 0 0 0 0 0 0 0 0 0 0 0 0 0 0 0 0
2 587 26 588 589 26 590 3 0 0 0 0 0 0 0 0 0 0 0 0 0 0 0 0 0 0 0 0 0 0
2 398 141 76 206 117 87 88 3 0 0 0 0 0 0 0 0 0 0 0 0 0 0 0 0 0 0 0 0 0
2 591 592 3 0 0 0 0 0 0 0 0 0 0 0 0 0 0 0 0 0 0 0 0 0 0 0 0 0 0
2 944 3 0 0 0 0 0 0 0 0 0 0 0 0 0 0 0 0 0 0 0 0 0 0 0 0 0 0 0
2 45 154 26 926 12 755 26 927 12 755 26 928 47 756 757 755 509 154 26 758 6 755 26 929 52 154 26 930 3
2 45 68 47 332 36 333 6 334 3 0 0 0 0 0 0 0 0 0 0 0 0 0 0 0 0 0 0 0 0
2 45 90 10 406 8 47 407 45 408 10 409 8 3 0 0 0 0 0 0 0 0 0 0 0 0 0 0 0 0
2 45 154 26 754 12 755 26 744 12 755 26 304 47 756 757 755 509 154 26 758 6 755 26 759 52 154 26 760 3
2 45 755 26 908 12 180 10 154 26 909 8 106 910 10 911 757 912 509 154 26 913 6 755 26 914 8 3 0 0
2 45 463 10 724 12 725 12 726 8 30 3 0 0 0 0 0 0 0 0 0 0 0 0 0 0 0 0 0 0
2 45 189 105 68 47 543 36 544 6 545 3 0 0 0 0 0 0 0 0 0 0 0 0 0 0 0 0 0 0
2 946 947 3 0 0 0 0 0 0 0 0 0 0 0 0 0 0 0 0 0 0 0 0 0 0 0 0 0 0
2 45 90 10 529 8 47 530 45 408 10 531 8 3 0 0 0 0 0 0 0 0 0 0 0 0 0 0 0 0
2 42 188 3 0 0 0 0 0 0 0 0 0 0 0 0 0 0 0 0 0 0 0 0 0 0 0 0 0 0
2 65 66 26 67 3 0 0 0 0 0 0 0 0 0 0 0 0 0 0 0 0 0 0 0 0 0 0 0 0
2 797 798 26 799 3 0 0 0 0 0 0 0 0 0 0 0 0 0 0 0 0 0 0 0 0 0 0 0 0
2 317 3 0 0 0 0 0 0 0 0 0 0 0 0 0 0 0 0 0 0 0 0 0 0 0 0 0 0 0
2 45 68 47 666 52 667 348 12 668 350 3 0 0 0 0 0 0 0 0 0 0 0 0 0 0 0 0 0 0
2 399 3 0 0 0 0 0 0 0 0 0 0 0 0 0 0 0 0 0 0 0 0 0 0 0 0 0 0 0
2 917 3 0 0 0 0 0 0 0 0 0 0 0 0 0 0 0 0 0 0 0 0 0 0 0 0 0 0 0
2 45 666 10 141 8 47 915 49 3 0 0 0 0 0 0 0 0 0 0 0 0 0 0 0 0 0 0 0 0
2 100 101 3 0 0 0 0 0 0 0 0 0 0 0 0 0 0 0 0 0 0 0 0 0 0 0 0 0 0
2 45 211 10 141 47 212 213 3 0 0 0 0 0 0 0 0 0 0 0 0 0 0 0 0 0 0 0 0 0
2 41 3 0 0 0 0 0 0 0 0 0 0 0 0 0 0 0 0 0 0 0 0 0 0 0 0 0 0 0
2 126 47 391 3 0 0 0 0 0 0 0 0 0 0 0 0 0 0 0 0 0 0 0 0 0 0 0 0 0
2 201 26 202 203 204 205 12 141 76 206 3 0 0 0 0 0 0 0 0 0 0 0 0 0 0 0 0 0 0
2 827 828 3 0 0 0 0 0 0 0 0 0 0 0 0 0 0 0 0 0 0 0 0 0 0 0 0 0 0
2 45 219 47 220 198 45 221 47 222 52 223 3 0 0 0 0 0 0 0 0 0 0 0 0 0 0 0 0 0
2 370 3 0 0 0 0 0 0 0 0 0 0 0 0 0 0 0 0 0 0 0 0 0 0 0 0 0 0 0
2 887 3 0 0 0 0 0 0 0 0 0 0 0 0 0 0 0 0 0 0 0 0 0 0 0 0 0 0 0
2 45 180 10 189 8 47 442 3 0 0 0 0 0 0 0 0 0 0 0 0 0 0 0 0 0 0 0 0 0
2 739 740 12 3 0 0 0 0 0 0 0 0 0 0 0 0 0 0 0 0 0 0 0 0 0 0 0 0 0
2 204 639 640 3 0 0 0 0 0 0 0 0 0 0 0 0 0 0 0 0 0 0 0 0 0 0 0 0 0
2 45 68 47 98 52 99 3 0 0 0 0 0 0 0 0 0 0 0 0 0 0 0 0 0 0 0 0 0 0
2 45 721 10 141 8 47 722 45 723 10 141 8 3 0 0 0 0 0 0 0 0 0 0 0 0 0 0 0 0
2 45 68 47 604 36 605 44 10 606 12 607 12 608 8 3 0 0 0 0 0 0 0 0 0 0 0 0 0 0
2 45 68 47 530 36 934 6 935 24 576 6 936 3 0 0 0 0 0 0 0 0 0 0 0 0 0 0 0 0
2 231 151 232 140 233 26 234 3 0 0 0 0 0 0 0 0 0 0 0 0 0 0 0 0 0 0 0 0 0
2 45 68 47 163 36 164 80 165 3 0 0 0 0 0 0 0 0 0 0 0 0 0 0 0 0 0 0 0 0
2 420 3 0 0 0 0 0 0 0 0 0 0 0 0 0 0 0 0 0 0 0 0 0 0 0 0 0 0 0
2 815 816 26 525 3 0 0 0 0 0 0 0 0 0 0 0 0 0 0 0 0 0 0 0 0 0 0 0 0
2 45 359 12 360 12 361 362 36 363 28 364 3 0 0 0 0 0 0 0 0 0 0 0 0 0 0 0 0 0
2 45 68 47 900 36 901 195 902 24 903 3 0 0 0 0 0 0 0 0 0 0 0 0 0 0 0 0 0 0
2 45 189 10 141 8 47 805 3 0 0 0 0 0 0 0 0 0 0 0 0 0 0 0 0 0 0 0 0 0
2 807 808 3 0 0 0 0 0 0 0 0 0 0 0 0 0 0 0 0 0 0 0 0 0 0 0 0 0 0
2 45 189 105 68 47 318 36 319 6 320 45 68 47 321 3 0 0 0 0 0 0 0 0 0 0 0 0 0 0
2 45 780 106 556 12 781 106 782 47 276 3 0 0 0 0 0 0 0 0 0 0 0 0 0 0 0 0 0 0
2 712 3 0 0 0 0 0 0 0 0 0 0 0 0 0 0 0 0 0 0 0 0 0 0 0 0 0 0 0
2 681 26 682 683 168 3 0 0 0 0 0 0 0 0 0 0 0 0 0 0 0 0 0 0 0 0 0 0 0
2 45 90 10 91 8 47 92 30 3 0 0 0 0 0 0 0 0 0 0 0 0 0 0 0 0 0 0 0 0
2 45 795 106 556 12 91 106 222 47 796 3 0 0 0 0 0 0 0 0 0 0 0 0 0 0 0 0 0 0
2 45 180 10 396 8 106 397 47 92 30 3 0 0 0 0 0 0 0 0 0 0 0 0 0 0 0 0 0 0
2 68 772 3 0 0 0 0 0 0 0 0 0 0 0 0 0 0 0 0 0 0 0 0 0 0 0 0 0 0
2 45 388 10 141 8 47 389 390 3 0 0 0 0 0 0 0 0 0 0 0 0 0 0 0 0 0 0 0 0
2 438 439 18 132 3 0 0 0 0 0 0 0 0 0 0 0 0 0 0 0 0 0 0 0 0 0 0 0 0
2 45 421 10 141 8 47 422 283 3 0 0 0 0 0 0 0 0 0 0 0 0 0 0 0 0 0 0 0 0
2 269 270 3 0 0 0 0 0 0 0 0 0 0 0 0 0 0 0 0 0 0 0 0 0 0 0 0 0 0
2 45 68 47 430 36 91 185 195 86 24 208 3 0 0 0 0 0 0 0 0 0 0 0 0 0 0 0 0 0
2 45 470 10 141 47 471 213 3 0 0 0 0 0 0 0 0 0 0 0 0 0 0 0 0 0 0 0 0 0
2 45 147 26 155 12 154 26 156 157 158 159 147 26 160 6 154 26 161 162 147 26 155 30 3 0 0 0 0 0
2 97 3 0 0 0 0 0 0 0 0 0 0 0 0 0 0 0 0 0 0 0 0 0 0 0 0 0 0 0
2 45 68 47 853 36 854 6 855 230 105 3 0 0 0 0 0 0 0 0 0 0 0 0 0 0 0 0 0 0
2 708 709 141 76 206 710 3 0 0 0 0 0 0 0 0 0 0 0 0 0 0 0 0 0 0 0 0 0 0
2 88 76 306 12 307 150 87 308 3 0 0 0 0 0 0 0 0 0 0 0 0 0 0 0 0 0 0 0 0
2 45 768 10 141 8 47 407 198 3 0 0 0 0 0 0 0 0 0 0 0 0 0 0 0 0 0 0 0 0
2 45 147 26 155 12 154 26 506 272 507 47 147 508 154 509 147 26 160 6 154 26 160 30 3 0 0 0 0 0
2 271 272 888 10 889 12 890 12 891 8 277 10 892 12 893 12 894 8 3 0 0 0 0 0 0 0 0 0 0
2 214 3 0 0 0 0 0 0 0 0 0 0 0 0 0 0 0 0 0 0 0 0 0 0 0 0 0 0 0
2 700 701 3 0 0 0 0 0 0 0 0 0 0 0 0 0 0 0 0 0 0 0 0 0 0 0 0 0 0
2 45 68 47 69 52 70 12 71 3 0 0 0 0 0 0 0 0 0 0 0 0 0 0 0 0 0 0 0 0
2 45 68 47 600 36 601 44 10 45 602 47 603 8 3 0 0 0 0 0 0 0 0 0 0 0 0 0 0 0
2 45 68 47 285 176 177 105 178 179 45 189 243 244 68 47 660 3 0 0 0 0 0 0 0 0 0 0 0 0
2 45 68 47 303 36 806 195 196 24 197 3 0 0 0 0 0 0 0 0 0 0 0 0 0 0 0 0 0 0
2 45 290 10 141 47 296 213 3 0 0 0 0 0 0 0 0 0 0 0 0 0 0 0 0 0 0 0 0 0
2 45 68 47 154 30 3 0 0 0 0 0 0 0 0 0 0 0 0 0 0 0 0 0 0 0 0 0 0 0
2 45 881 10 882 8 106 883 47 884 3 0 0 0 0 0 0 0 0 0 0 0 0 0 0 0 0 0 0 0
2 45 46 47 48 49 45 50 47 51 52 53 3 0 0 0 0 0 0 0 0 0 0 0 0 0 0 0 0 0
2 45 281 10 141 8 47 282 283 3 0 0 0 0 0 0 0 0 0 0 0 0 0 0 0 0 0 0 0 0
2 907 3 0 0 0 0 0 0 0 0 0 0 0 0 0 0 0 0 0 0 0 0 0 0 0 0 0 0 0
2 482 3 0 0 0 0 0 0 0 0 0 0 0 0 0 0 0 0 0 0 0 0 0 0 0 0 0 0 0
2 45 250 47 251 49 45 252 47 253 52 254 3 0 0 0 0 0 0 0 0 0 0 0 0 0 0 0 0 0
